863,172
878,415
895,756
895,759
895,759
1072,828
1072,828
1072,828
1072,828
1072,828
1072,828
1072,828
1072,828
1072,828
1072,828
1072,828
1072,828
1072,828
1130,744
818,510
736,476
704,466
623,464
611,473
611,473
611,473
611,473
611,473
611,473
611,473
611,473
611,473
611,473
611,473
611,473
611,473
611,473
611,473
611,473
611,473
611,473
611,473
611,473
611,473
611,473
611,473
611,473
611,473
611,473
611,473
611,473
611,473
611,473
611,473
611,473
611,473
611,473
611,473
611,473
611,473
611,473
611,473
611,473
611,473
611,473
611,473
599,479
0,209
0,227
16,270
39,272
44,272
51,246
113,71
117,64
125,50
125,50
125,50
125,50
125,50
125,50
166,89
559,551
611,686
605,730
604,732
604,674
604,673
604,673
604,673
604,673
604,673
604,673
605,673
651,673
830,520
842,463
842,463
842,463
842,463
842,463
842,463
842,463
797,457
733,495
793,506
793,506
793,506
793,506
793,506
793,506
793,506
793,506
793,506
793,506
793,506
793,506
793,506
793,506
793,506
793,506
793,506
793,506
793,506
793,506
793,506
793,506
793,506
793,506
793,506
793,506
793,506
793,506
793,506
793,506
793,506
793,506
793,506
793,506
793,506
793,506
793,506
793,506
793,506
793,506
793,506
793,506
793,506
793,506
793,506
793,506
793,506
793,506
793,506
793,506
793,506
793,506
793,506
793,506
793,506
793,506
793,506
793,506
793,506
793,506
793,506
793,506
793,506
793,506
793,506
793,506
793,506
793,506
793,506
793,506
793,506
793,506
793,506
793,506
793,506
793,506
793,506
793,506
793,506
793,506
640,444
374,400
372,400
382,394
371,383
346,374
338,372
336,372
335,372
335,372
335,372
335,372
335,372
335,372
318,232
311,0
428,9
517,86
415,452
189,456
265,118
401,83
489,297
375,783
109,677
152,238
280,156
293,166
323,218
326,227
327,229
326,229
297,229
294,265
373,319
409,336
419,341
419,341
419,341
419,341
588,341
908,363
942,367
942,367
943,358
950,329
951,324
951,323
951,320
951,318
951,318
951,317
951,317
951,317
951,317
951,317
951,317
951,317
991,349
1053,387
1091,391
1109,391
1115,395
1123,400
1123,400
1123,400
1123,400
1123,400
1123,400
1123,400
1123,400
1123,400
1123,400
1123,400
1123,400
1123,400
1123,400
1123,400
1123,400
1123,400
1123,400
1123,400
904,382
210,318
166,316
166,316
166,316
166,316
166,316
166,316
166,316
166,316
166,316
166,316
506,329
876,372
978,389
1015,388
1057,353
1060,347
1065,346
794,301
244,246
258,260
305,307
320,321
332,327
337,328
340,328
340,328
340,328
340,328
340,328
340,328
459,347
516,353
518,353
518,353
518,353
518,353
518,353
518,353
518,353
518,353
521,333
522,333
522,338
523,339
525,335
525,334
525,334
525,334
965,681
1132,786
1177,788
1225,681
1211,631
1177,629
1168,629
1155,615
1154,613
1154,606
1153,601
1152,598
1150,592
1149,591
1149,591
1149,591
1149,591
1149,591
1149,591
1149,591
1149,591
1149,591
1149,591
1149,591
1149,591
1149,591
1149,591
1149,591
1149,591
1149,591
1149,591
1149,591
1149,591
1149,591
1149,591
1149,591
1149,591
1149,591
1149,591
1149,591
1149,591
1149,591
1149,591
1149,591
1149,591
1149,591
1149,591
1149,591
1149,591
807,561
151,411
113,381
113,381
113,381
113,381
113,381
113,381
113,381
113,381
113,381
185,409
329,441
389,428
450,384
474,363
487,355
501,350
512,345
513,344
515,344
519,343
519,343
519,343
662,352
671,349
671,349
690,343
692,342
692,341
692,341
692,341
694,341
1003,520
1112,634
1117,639
1127,640
1146,613
1146,610
1146,610
1146,607
1146,602
1146,600
1146,598
1146,597
1146,596
1146,596
1146,596
1146,596
1146,596
1146,596
1146,596
1146,596
1146,596
1146,596
1146,596
1146,596
1146,596
1146,596
1145,597
1145,598
1145,598
1145,598
1145,598
1145,598
1145,598
1145,598
1145,598
1145,598
1145,598
1145,598
1145,598
1145,598
897,466
317,358
267,380
267,380
267,380
344,363
403,351
455,346
497,346
525,347
533,345
533,340
533,339
533,339
533,339
674,439
1034,631
1094,645
1127,642
1146,611
1146,604
1146,600
1144,599
1143,598
1143,598
1143,598
1143,598
1023,461
682,201
677,198
677,198
677,198
677,198
677,198
677,198
677,198
677,198
677,198
677,198
677,198
677,198
677,198
677,198
677,198
677,198
677,198
677,198
677,198
677,198
677,198
677,198
677,198
677,198
677,198
677,198
677,198
673,198
672,220
693,270
695,273
703,307
713,334
714,339
715,339
715,339
713,338
619,353
582,373
575,373
558,372
554,366
545,350
540,345
536,337
536,337
536,337
536,337
701,434
1087,656
1121,668
1123,668
1135,610
1135,607
1135,607
1135,602
1135,598
1135,594
1135,594
1135,594
1135,594
1074,527
680,197
656,184
656,181
656,181
656,181
656,180
656,180
656,180
656,180
656,180
656,180
656,180
656,180
656,180
656,180
656,180
656,180
656,180
656,180
656,180
656,180
656,180
656,180
656,180
656,180
551,218
330,353
315,370
318,370
457,385
528,372
530,365
530,360
530,346
530,343
530,341
530,338
530,334
531,333
531,333
531,333
531,333
531,333
543,345
926,590
1015,617
1048,625
1113,628
1152,607
1156,603
1156,602
1148,595
1145,594
1145,594
1145,594
1145,594
1145,594
1145,594
1145,594
1131,554
1080,457
976,319
933,270
933,270
933,270
933,270
933,270
933,270
933,270
933,270
933,270
933,270
933,270
933,270
933,270
933,284
1206,603
1251,626
1268,612
1235,550
1165,513
1163,512
1162,508
1160,503
1160,499
1159,492
1158,491
1158,491
1158,491
1158,491
1158,491
1158,491
1158,491
1158,491
1158,491
1158,491
1158,491
1158,487
1103,324
1026,196
1025,194
1025,194
1025,194
1025,194
1025,194
1025,194
1025,194
1025,194
1025,194
1025,194
1025,194
1123,326
1179,380
1185,385
1185,385
1185,385
1185,385
1185,385
1185,385
1185,385
1185,385
1185,385
1184,385
1180,387
1173,390
1169,395
1168,398
1168,399
1168,399
1168,399
1168,399
1168,399
1168,399
1168,399
1168,399
1168,399
1168,399
1168,399
1168,399
1168,399
1168,399
1168,399
1168,399
1168,399
1168,399
1168,399
1168,399
1168,399
1168,399
1147,388
499,16
343,0
353,5
423,29
456,40
456,40
456,40
456,40
456,40
456,40
456,40
456,40
456,40
456,40
456,40
456,40
456,40
456,40
453,47
438,95
436,99
435,77
435,76
441,70
445,67
448,60
451,55
451,53
451,50
451,49
451,49
451,49
451,49
451,49
451,49
451,49
451,49
451,49
448,49
448,49
448,49
580,490
941,899
952,899
952,896
939,862
935,860
930,860
924,860
924,860
924,860
924,860
924,860
924,860
924,860
924,860
924,860
767,560
517,0
511,0
511,0
466,5
465,8
459,23
395,28
386,35
410,60
421,63
424,63
423,58
420,55
420,54
420,54
420,53
420,53
420,53
420,53
420,53
420,53
420,53
431,53
436,53
437,53
448,53
448,53
448,53
448,53
449,47
451,46
451,46
451,46
451,46
451,46
451,46
451,46
451,46
451,46
451,46
451,46
451,46
451,46
451,46
451,46
451,46
451,46
451,46
451,46
451,46
451,46
451,46
451,46
451,46
451,46
451,46
451,46
451,46
451,46
451,46
451,46
451,46
451,46
451,46
383,45
0,223
13,308
29,311
52,288
63,267
63,266
63,265
63,265
63,265
62,261
95,183
159,70
184,61
222,69
247,73
268,68
283,62
289,56
290,54
290,51
290,51
290,51
290,51
290,51
290,51
290,51
290,51
290,51
290,51
290,51
290,51
290,51
404,33
444,33
445,33
445,35
445,42
459,47
459,47
459,47
459,47
459,47
459,47
459,47
459,47
459,47
459,47
459,47
459,47
459,47
459,47
459,47
459,47
459,47
459,47
459,47
459,47
459,47
459,47
459,47
459,47
459,47
459,47
459,47
459,47
459,47
459,47
459,47
459,47
459,47
459,47
459,47
459,47
459,47
459,47
459,47
459,47
459,47
459,47
459,47
459,47
459,47
459,47
459,47
459,47
459,47
459,47
459,47
459,47
459,47
459,47
459,47
459,47
459,47
459,47
459,47
459,47
459,47
459,47
459,47
459,47
459,47
459,47
459,47
459,47
459,47
459,47
459,47
459,47
459,47
459,47
459,47
459,47
459,47
459,47
459,47
459,47
459,47
459,47
459,47
459,47
459,47
459,47
459,47
459,47
459,47
459,47
459,47
459,47
459,47
459,47
459,47
459,47
459,47
459,47
459,47
459,47
459,47
459,47
459,47
459,47
459,47
459,47
459,47
459,47
459,47
459,47
459,47
459,47
459,47
459,47
459,47
459,47
459,47
459,47
459,47
459,47
459,47
459,47
459,47
459,47
459,47
459,47
459,47
459,47
459,47
459,47
459,47
459,47
459,47
459,47
459,47
459,47
459,47
459,47
459,47
459,47
459,47
459,47
459,47
459,47
459,47
459,47
459,47
459,47
459,47
459,47
459,47
459,47
459,47
459,47
459,47
459,47
459,47
459,47
459,47
459,47
459,47
459,47
459,47
459,47
459,47
459,47
459,47
459,47
459,47
459,47
459,47
459,47
459,47
459,47
459,47
459,47
459,47
459,47
459,47
459,47
459,47
459,47
459,47
459,47
459,47
459,47
459,47
459,47
459,47
459,47
459,47
459,47
459,47
459,47
459,47
459,47
459,47
459,47
459,47
459,47
459,47
459,47
459,47
459,47
459,47
459,47
459,47
459,47
459,47
459,47
459,47
459,47
459,47
459,47
459,47
459,47
459,47
459,47
459,47
459,47
459,47
459,47
459,47
459,47
459,47
459,47
459,47
459,47
459,47
459,47
459,47
459,47
459,47
459,47
459,47
459,47
459,47
459,47
459,47
459,47
459,47
459,47
459,47
459,47
459,47
459,47
459,47
459,47
459,47
459,47
459,47
459,47
459,47
459,47
459,47
459,47
459,47
459,47
459,47
459,47
459,47
459,47
459,47
459,47
459,47
459,47
459,47
459,47
459,47
459,47
459,47
459,47
459,47
459,47
459,47
459,47
459,47
459,47
459,47
459,47
459,47
459,47
459,47
459,47
459,47
459,47
459,47
459,47
459,47
459,47
459,47
459,47
459,47
459,47
459,47
459,47
459,47
459,47
459,47
459,47
459,47
459,47
459,47
459,47
459,47
459,47
459,47
459,47
459,47
459,47
459,47
459,47
459,47
459,47
459,47
459,47
459,47
459,47
459,47
459,47
459,47
459,47
459,47
459,47
459,47
459,47
459,47
459,47
459,47
459,47
459,47
459,47
459,47
459,47
459,47
459,47
459,47
459,47
459,47
459,47
459,47
459,47
459,47
459,47
459,47
459,47
459,47
459,47
459,47
459,47
459,47
459,47
459,47
459,47
459,47
459,47
459,47
459,47
459,47
459,47
459,47
459,47
459,47
459,47
459,47
459,47
459,47
459,47
459,47
459,47
459,47
459,47
459,47
459,47
459,47
459,47
459,47
459,47
459,47
459,47
459,47
459,47
459,47
459,47
459,47
459,47
459,47
459,47
459,47
459,47
459,47
459,47
459,47
459,47
459,47
459,47
459,47
459,47
459,47
459,47
459,47
459,47
459,47
459,47
459,47
459,47
459,47
459,47
459,47
459,47
459,47
459,47
459,47
459,47
459,47
459,47
459,47
459,47
459,47
459,47
459,47
459,47
459,47
459,47
459,47
459,47
459,47
459,47
459,47
459,47
459,47
459,47
459,47
459,47
459,47
459,47
459,47
459,47
459,47
459,47
459,47
459,47
459,47
459,47
459,47
459,47
459,47
459,47
459,47
459,47
459,47
459,47
459,47
459,47
459,47
459,47
459,47
459,47
459,47
459,47
459,47
459,47
388,71
364,74
327,74
323,71
317,62
311,58
303,52
301,48
301,48
301,48
301,48
301,48
301,48
301,48
301,48
301,48
301,48
301,48
301,48
301,48
301,48
301,48
301,48
301,48
301,48
301,48
301,48
301,48
301,48
301,48
301,48
301,48
301,48
301,48
301,48
301,48
301,48
301,48
301,48
301,48
301,48
301,48
301,48
301,48
301,48
301,48
301,48
301,48
301,48
301,48
301,86
438,508
474,596
518,608
683,647
976,899
976,899
976,899
958,876
937,866
930,868
927,869
927,869
927,869
927,869
927,869
621,784
222,714
169,691
144,651
115,605
99,597
70,597
32,597
0,587
0,587
0,587
0,587
0,587
0,587
0,587
0,560
55,421
70,364
70,364
86,364
299,295
477,193
490,185
563,170
699,144
722,144
722,144
722,144
722,144
722,144
722,144
692,129
739,127
783,127
760,152
708,199
729,183
750,169
750,169
750,169
750,169
750,169
750,169
750,169
765,270
787,286
795,258
795,254
790,261
760,268
752,268
750,246
732,193
732,192
732,192
732,192
732,192
732,192
732,192
732,192
732,192
732,192
732,192
732,192
732,192
732,192
732,192
732,192
732,192
732,192
732,192
732,192
732,192
732,192
732,192
732,192
732,192
732,192
732,192
732,192
732,192
732,192
732,192
732,192
732,192
732,192
732,192
732,192
732,192
732,192
732,192
732,192
732,192
732,192
621,263
581,290
561,324
559,328
558,343
558,351
558,351
558,351
558,351
558,351
558,351
558,351
557,348
336,0
287,0
287,2
287,2
287,3
287,3
287,3
287,3
287,3
287,3
287,3
298,13
344,47
350,50
350,48
350,45
349,44
349,44
349,44
349,44
387,119
581,388
597,397
597,397
597,397
597,397
597,397
597,397
597,397
597,397
597,397
597,397
597,397
597,397
597,397
597,397
597,397
597,397
597,397
597,397
597,397
597,397
420,373
153,431
220,464
259,472
261,472
282,474
285,474
285,474
285,474
285,474
285,474
285,474
285,474
285,474
285,474
285,474
285,474
285,474
285,474
285,474
285,474
285,474
285,474
285,474
285,474
285,474
285,474
285,474
285,474
285,474
285,474
285,474
285,474
285,474
285,474
285,474
285,474
285,474
285,474
285,474
285,474
285,474
285,474
285,474
285,474
285,474
285,474
285,474
285,474
285,474
285,474
285,474
285,474
285,474
285,474
285,474
285,474
285,474
285,474
285,474
285,474
285,474
285,474
285,474
285,474
285,474
285,474
285,474
285,474
285,474
450,483
571,472
579,468
579,466
579,462
579,461
579,461
579,461
467,0
410,0
409,27
404,57
402,57
397,52
397,50
397,50
397,50
303,120
204,420
210,492
210,492
210,492
210,492
210,492
210,492
210,492
210,492
210,492
210,492
210,492
210,492
210,492
210,492
210,492
210,492
210,492
210,492
255,481
418,442
437,439
438,438
438,438
438,438
438,438
438,438
314,384
0,238
0,244
31,286
114,322
155,327
155,327
155,327
155,327
155,327
155,327
155,327
155,327
155,327
155,327
155,327
155,327
155,327
188,344
210,352
210,352
210,352
210,352
210,352
210,352
210,352
210,352
210,352
210,352
210,352
210,352
210,352
210,352
210,352
210,352
210,352
210,352
210,352
210,352
210,352
210,352
210,352
210,352
210,352
210,352
210,352
210,352
210,352
210,352
210,352
210,352
210,352
210,352
210,352
210,352
210,352
210,352
210,352
210,352
210,352
210,352
210,352
210,352
210,352
210,352
210,352
210,352
210,352
210,352
210,352
210,352
210,352
210,352
210,352
210,352
210,352
210,352
210,352
210,352
210,352
210,352
210,352
210,352
210,352
210,352
210,352
210,352
210,352
210,352
210,352
210,352
210,352
210,352
210,352
210,352
210,352
210,352
210,352
210,352
210,352
210,352
210,352
210,352
210,352
210,352
210,352
210,352
210,352
210,352
210,352
210,352
210,352
210,352
210,352
210,352
210,352
210,352
210,352
210,352
210,352
210,352
210,352
210,352
210,352
210,352
210,352
210,352
210,352
210,352
210,352
210,352
210,352
210,352
210,352
210,352
210,352
210,352
210,352
210,352
210,352
210,352
210,352
210,352
210,352
210,352
210,352
210,352
210,352
210,352
210,352
210,352
210,352
210,352
210,352
210,352
210,352
210,352
210,352
210,352
210,352
210,352
210,352
210,352
210,352
210,352
210,352
210,352
210,352
210,352
210,352
210,352
210,352
210,352
210,352
210,352
210,352
210,352
210,352
210,352
210,352
210,352
241,397
251,416
256,421
282,444
283,446
302,478
309,500
309,501
309,501
309,501
280,517
246,566
245,573
245,573
246,575
267,591
281,609
282,610
282,610
282,610
282,610
282,610
282,610
282,610
282,610
282,610
282,610
282,610
282,610
282,610
282,610
282,610
282,610
282,610
282,610
282,610
282,610
282,610
282,610
282,610
282,610
282,610
282,610
282,610
282,610
282,610
282,610
282,610
282,610
282,610
282,610
282,610
282,610
282,610
282,610
282,610
285,610
292,610
292,610
292,610
292,610
292,610
292,610
292,610
292,610
356,591
404,583
431,585
444,590
445,590
445,590
445,590
445,590
445,590
445,590
445,590
445,583
383,0
367,0
370,5
387,63
389,73
389,68
389,62
388,59
388,57
388,57
388,57
388,57
388,57
241,370
219,512
219,517
222,520
222,520
222,520
222,520
222,520
222,520
222,520
222,520
222,520
222,520
222,520
222,520
222,520
222,520
222,520
222,520
223,571
223,580
223,580
223,580
223,580
223,580
223,580
223,580
223,580
223,580
223,580
223,580
223,580
223,580
223,580
223,580
223,580
223,580
223,580
223,580
223,580
223,580
223,580
223,580
223,580
223,580
223,580
223,580
223,580
223,580
223,580
223,580
223,580
223,580
223,580
223,580
223,580
223,580
223,580
223,580
223,580
223,580
223,580
223,580
223,580
223,580
223,580
223,580
223,580
223,580
223,580
223,580
223,580
223,580
223,580
223,580
223,580
223,580
223,580
223,580
223,580
223,580
223,580
223,580
223,580
223,580
223,580
223,580
223,580
223,580
223,580
223,580
223,580
223,580
223,580
223,580
223,580
223,580
223,580
223,580
223,580
223,580
223,580
223,580
223,580
223,580
223,580
223,580
223,580
223,580
223,580
223,580
223,580
223,580
223,580
223,580
223,580
223,580
223,580
223,580
223,580
223,580
223,580
223,580
223,580
223,580
223,580
223,580
223,580
223,580
223,580
223,580
223,580
223,580
223,580
223,580
223,580
223,580
223,580
223,580
223,580
223,580
223,580
223,580
223,580
223,580
223,580
223,580
223,580
223,580
223,580
223,580
223,580
223,580
223,580
223,580
223,580
223,580
223,580
223,580
223,580
223,580
223,580
223,580
223,580
223,580
223,580
223,580
223,580
223,580
223,580
223,580
223,580
223,580
223,580
223,580
223,580
223,580
223,580
223,580
223,580
223,580
223,580
223,580
223,580
223,580
223,580
223,580
223,580
223,580
223,580
223,580
223,580
223,580
223,580
223,580
223,580
223,580
223,580
223,580
223,580
223,580
223,580
223,580
223,580
223,580
223,580
223,580
223,580
223,580
223,580
223,580
223,580
223,580
223,580
223,580
223,580
223,580
223,580
223,580
223,580
223,580
223,580
223,580
223,580
223,580
223,580
223,580
223,580
223,580
223,580
223,580
223,580
223,580
223,580
223,580
223,580
223,580
223,580
223,580
223,580
223,580
223,580
223,580
223,580
223,580
223,580
223,580
223,580
223,580
223,580
223,580
223,580
223,580
223,580
223,580
223,580
223,580
223,580
223,580
223,580
223,580
223,580
223,580
223,580
223,580
223,580
223,580
223,580
223,580
223,580
223,580
223,580
223,580
223,580
223,580
223,580
223,580
223,580
223,580
223,580
223,580
223,580
223,580
223,580
223,580
223,580
223,580
223,580
223,580
223,580
223,580
223,580
223,580
223,580
223,580
223,580
223,580
223,580
223,580
223,580
223,580
223,580
223,580
223,580
223,580
223,580
223,580
223,580
223,580
223,580
293,566
441,536
461,534
462,534
462,534
462,534
462,534
459,534
457,533
457,531
457,529
457,529
457,529
457,528
335,0
327,0
362,29
371,41
371,45
371,45
371,45
371,45
364,45
167,248
147,393
184,450
184,450
184,450
184,450
184,450
184,450
184,450
184,450
184,450
184,450
184,450
184,450
184,450
184,450
184,450
184,450
184,450
184,450
184,450
184,450
184,450
184,450
184,450
184,450
184,450
184,450
184,450
184,450
184,450
184,450
184,450
184,450
184,450
184,450
184,450
184,450
184,450
184,450
184,450
184,450
184,450
184,450
184,450
184,450
184,450
184,450
184,450
184,450
184,450
184,450
184,450
184,450
184,450
184,450
184,450
184,450
184,450
184,450
184,450
184,450
184,450
184,450
184,450
184,450
184,450
184,450
184,450
184,450
184,450
184,450
184,450
184,450
184,450
184,450
184,450
184,450
184,450
184,450
184,450
184,450
184,450
184,450
184,450
184,450
184,450
184,450
184,450
184,450
184,450
184,450
184,450
184,450
184,450
184,450
184,450
184,450
184,450
184,450
261,466
336,481
363,485
417,484
449,481
457,481
458,481
458,484
463,495
465,503
385,513
253,488
251,488
252,490
270,499
286,508
287,508
288,509
288,509
288,509
288,509
288,509
288,509
288,509
288,509
288,509
288,514
296,543
299,547
300,547
300,547
300,547
300,547
300,547
300,547
300,547
300,547
300,547
300,547
300,547
300,547
300,547
300,547
300,547
300,547
300,547
300,547
300,547
300,547
300,547
300,547
300,547
300,547
300,547
300,547
300,547
300,547
300,547
300,547
300,547
300,547
300,547
300,547
300,547
300,547
300,547
300,547
300,547
300,547
300,547
300,547
300,547
300,547
300,547
300,547
300,547
300,547
300,547
300,547
300,547
300,547
300,547
300,547
300,547
300,547
300,547
300,547
300,547
300,547
300,547
300,547
300,547
300,547
300,547
300,547
300,547
300,547
300,547
300,547
300,547
300,547
300,547
257,523
166,492
184,495
219,503
220,503
220,503
221,503
237,488
242,481
242,481
242,481
242,481
242,481
242,481
242,481
242,481
242,481
242,481
242,481
242,481
242,481
242,481
242,481
242,481
242,481
242,481
242,481
242,481
242,481
242,481
242,481
242,481
242,481
242,481
242,481
242,481
242,481
242,481
242,481
242,481
242,481
242,481
242,481
242,481
242,481
242,481
242,481
242,481
242,481
242,481
242,481
242,481
242,481
242,481
242,481
242,481
242,481
242,481
242,481
242,481
242,481
242,481
242,481
242,481
242,481
242,481
242,481
242,481
242,481
242,481
242,481
242,481
242,481
242,481
242,481
242,481
242,481
242,481
242,481
242,481
242,481
242,481
242,481
242,481
242,481
242,481
242,481
242,481
242,481
242,481
242,481
242,481
242,481
242,481
242,481
242,481
242,481
242,481
242,481
242,481
242,481
242,481
242,481
242,481
242,481
242,481
242,481
242,481
242,470
222,197
215,177
211,171
196,128
188,122
185,118
184,118
184,118
184,118
184,114
324,0
499,0
511,0
511,0
511,0
221,0
0,0
19,17
143,75
193,70
199,68
228,63
725,73
823,102
823,102
884,179
1199,302
1271,238
1226,207
1193,195
1139,158
1108,166
1089,163
1087,136
1088,124
1091,120
1092,119
1092,119
1092,119
1092,119
1033,184
954,369
954,390
963,409
978,402
982,397
984,407
984,407
984,407
984,402
984,400
984,397
984,397
984,397
972,389
362,0
311,1
367,19
391,33
419,46
425,46
434,44
437,43
438,43
441,43
444,43
444,43
444,43
444,43
444,43
444,43
444,43
448,43
449,43
449,43
449,43
449,43
449,43
219,9
97,18
96,20
95,24
107,32
112,32
112,32
112,32
112,32
112,32
114,43
114,45
114,47
114,47
114,47
114,47
150,76
317,218
400,279
435,294
388,294
221,289
195,255
180,244
180,246
180,252
192,257
210,265
215,267
215,268
215,269
215,269
215,269
217,269
339,228
390,193
396,188
404,185
433,183
457,183
461,183
463,183
463,183
463,183
463,183
463,183
463,183
452,146
362,8
510,23
859,61
909,61
921,59
918,58
854,45
765,45
753,45
751,45
751,45
751,45
751,45
751,45
751,45
751,45
751,45
751,45
751,45
751,45
751,45
751,45
751,45
738,44
716,56
593,199
526,294
522,321
522,322
554,354
578,367
579,367
579,367
579,367
579,367
579,367
579,367
579,367
579,367
579,367
579,367
579,367
579,367
579,367
579,367
579,367
579,367
579,367
579,367
579,367
579,367
579,367
579,367
579,367
579,367
579,367
579,367
579,367
579,367
579,367
579,367
579,367
579,367
579,367
579,367
579,367
579,367
579,367
579,367
579,367
579,367
579,367
579,367
579,367
579,367
579,367
579,367
579,367
579,367
579,367
579,367
579,367
579,367
579,367
579,367
579,367
579,367
579,367
579,367
579,367
579,367
579,367
579,367
579,367
579,367
579,367
579,367
579,367
579,367
579,367
579,367
579,367
579,367
579,367
579,367
579,367
579,367
579,367
579,367
579,367
579,367
579,367
579,367
579,367
579,367
579,367
579,367
579,367
579,367
579,367
579,367
579,367
579,367
579,367
579,367
579,367
579,367
579,367
579,367
579,367
579,367
579,367
579,367
579,367
573,367
245,354
218,407
326,466
340,468
340,468
340,468
340,468
345,472
346,472
346,472
346,472
346,472
361,495
378,516
378,516
378,516
378,516
378,516
378,516
389,530
405,553
406,557
408,560
410,562
415,566
419,568
423,568
423,568
423,568
423,568
423,568
423,568
423,568
423,568
423,568
423,568
423,568
423,568
423,568
423,568
423,568
423,568
423,568
423,568
423,568
423,568
423,568
423,568
423,568
423,568
423,568
423,568
423,568
423,568
423,568
423,568
423,568
423,568
423,568
423,568
463,563
478,549
480,549
480,550
481,550
481,550
475,550
421,560
421,565
432,567
434,568
436,570
438,570
438,570
438,570
438,570
438,570
438,570
438,570
438,570
438,570
438,570
438,570
438,570
438,570
438,570
438,570
438,570
461,518
465,488
466,487
467,487
467,487
467,487
467,487
467,487
467,487
467,487
467,487
467,487
467,487
467,487
467,487
467,487
467,487
467,487
467,487
467,487
467,487
467,487
467,487
467,487
467,487
467,487
467,487
467,487
467,487
467,487
467,487
467,487
467,487
467,487
467,487
467,487
467,487
467,487
467,487
467,487
467,487
467,487
467,487
467,487
467,487
467,487
467,487
467,487
467,487
467,487
467,487
467,487
467,487
467,487
467,487
467,487
467,487
467,487
467,487
467,487
467,487
467,487
467,487
467,487
467,487
467,487
467,487
467,487
467,487
467,487
467,487
467,487
467,487
467,487
467,487
467,487
467,487
467,487
467,487
467,487
467,487
467,487
467,487
467,487
467,487
467,487
467,487
467,487
467,487
467,487
467,487
467,487
467,487
467,487
467,487
467,487
467,487
467,487
467,487
467,487
467,487
467,487
467,487
467,487
467,487
467,487
467,487
467,487
467,487
467,487
467,487
467,487
467,487
467,487
467,487
467,487
467,487
467,487
467,487
467,487
467,487
467,487
467,487
467,487
467,487
467,487
467,487
467,487
467,487
467,487
467,487
467,487
467,487
467,487
467,487
467,487
467,487
467,487
467,487
467,487
467,487
467,487
467,487
467,487
467,487
467,487
467,487
467,487
467,487
467,487
467,487
467,487
467,487
467,487
467,487
467,487
467,487
467,487
467,487
467,487
467,487
467,487
467,487
467,487
467,487
467,487
467,487
467,487
467,487
467,487
467,487
467,487
467,487
467,487
467,487
467,487
467,487
467,487
467,487
467,487
467,487
467,487
467,487
467,487
467,487
467,487
467,487
467,487
467,487
467,487
467,487
467,487
467,487
467,487
467,487
467,487
467,487
467,487
467,487
467,487
467,487
467,487
467,487
467,487
467,487
467,487
467,487
467,487
467,487
467,487
467,487
467,487
467,487
467,487
467,487
467,487
467,487
467,487
467,487
467,487
467,487
467,487
467,487
467,487
467,487
467,487
467,487
467,487
467,487
467,487
467,487
467,487
467,487
467,487
467,487
467,487
467,487
467,487
467,487
467,487
467,487
467,487
467,487
467,487
467,487
467,487
467,487
467,487
467,487
467,487
467,487
467,487
467,487
467,487
467,487
467,487
467,487
467,487
467,487
467,487
467,487
467,487
467,487
467,487
467,487
467,487
643,0
710,0
731,1
766,35
796,52
817,55
824,55
829,51
832,49
832,49
832,49
832,49
832,49
832,49
846,45
846,43
846,43
846,43
846,43
845,43
200,228
64,319
83,398
132,414
169,410
172,410
172,410
172,410
172,410
172,410
172,410
172,410
172,410
172,410
172,410
172,410
172,410
172,410
172,410
172,410
172,410
172,410
172,410
172,410
172,410
172,410
172,410
172,410
172,410
172,410
172,410
172,410
172,410
172,410
172,410
172,410
172,410
172,410
172,410
172,410
172,410
172,410
172,410
172,410
172,410
172,410
172,410
172,410
172,410
172,410
172,410
172,410
172,410
172,410
172,410
172,410
172,410
172,410
172,410
229,342
699,0
741,0
774,19
785,28
800,35
831,36
836,38
837,41
838,44
838,44
838,44
838,44
838,44
838,44
685,29
0,268
0,372
29,416
77,444
114,462
131,463
131,463
131,463
131,463
131,463
131,463
131,463
131,463
131,463
131,463
131,463
131,463
131,463
131,463
131,463
131,463
131,463
131,463
131,463
131,463
131,463
131,463
131,463
131,463
131,463
131,463
131,463
131,463
131,463
131,463
131,463
131,463
131,463
131,463
131,463
131,463
131,463
131,463
131,463
131,463
131,463
131,463
131,463
131,463
131,463
131,463
131,463
131,463
131,463
131,463
131,463
131,463
131,463
131,463
131,463
131,463
131,463
131,463
131,463
131,463
131,463
131,463
131,463
131,463
131,463
131,463
131,463
131,463
131,463
131,463
131,463
131,463
131,463
131,463
131,463
131,463
131,463
131,463
131,463
131,463
131,463
131,463
131,463
131,463
131,463
131,463
131,463
131,463
131,463
131,463
131,463
131,463
131,463
131,463
131,463
131,463
131,463
131,463
131,463
131,463
131,463
131,463
131,463
131,463
131,463
131,463
131,463
131,463
131,463
131,463
131,463
131,463
131,463
131,463
131,463
131,463
131,463
131,463
131,463
131,463
131,463
131,463
131,463
131,463
131,463
131,463
131,463
131,463
131,463
131,463
131,463
131,463
131,463
131,463
131,463
131,463
131,463
131,463
131,463
131,463
131,463
131,463
131,463
131,463
131,463
131,463
131,463
131,463
131,463
131,463
131,463
131,463
131,463
131,463
131,463
131,463
131,463
131,463
131,463
131,463
131,463
131,463
131,463
131,463
131,463
131,463
131,463
131,463
131,463
131,463
131,463
131,463
131,463
131,463
131,463
131,463
131,463
131,463
131,463
131,463
131,463
131,463
131,463
131,463
131,463
131,463
131,463
131,463
131,463
131,463
131,463
131,463
131,463
131,463
131,463
131,463
131,463
131,463
131,463
131,463
131,463
131,463
131,463
131,463
119,445
74,301
88,315
130,374
132,376
132,376
132,376
132,376
132,376
132,376
132,377
132,377
132,377
132,377
132,377
132,377
132,377
132,377
132,377
132,377
132,377
132,377
132,377
132,377
132,377
132,377
132,377
132,377
132,377
132,377
132,377
132,377
132,377
132,377
132,377
132,377
132,377
132,377
132,377
132,377
132,377
132,377
132,377
132,377
132,377
132,377
132,377
132,377
132,377
132,377
132,377
132,377
132,377
132,377
132,377
132,377
132,377
132,377
132,377
132,377
132,377
132,377
132,377
132,377
132,377
132,377
132,377
132,377
132,377
132,377
132,377
132,377
132,377
132,377
132,377
132,377
132,377
132,377
132,377
132,377
132,377
132,377
132,377
132,377
132,377
132,377
132,377
132,377
132,377
132,377
132,377
132,377
132,377
132,377
132,377
132,377
132,377
132,377
132,377
132,377
132,377
132,377
132,377
132,377
132,377
132,377
132,377
132,377
132,377
132,377
132,377
132,377
132,377
132,377
132,377
132,377
132,377
132,377
132,377
132,377
132,377
132,377
132,377
132,377
132,377
132,377
132,377
132,377
132,377
132,377
132,377
140,389
162,417
162,417
162,417
155,426
134,446
133,450
147,451
151,451
151,451
151,451
151,451
151,451
151,451
151,451
151,451
151,451
151,451
151,451
151,451
151,451
151,451
151,451
151,451
151,451
151,451
151,451
151,451
151,451
151,451
151,451
151,451
151,451
151,451
151,451
151,451
151,451
151,451
151,451
151,451
151,451
151,451
151,451
151,451
151,451
151,451
151,451
151,451
151,451
151,451
151,451
151,451
151,451
151,451
151,451
151,451
151,451
151,451
151,451
151,451
151,451
151,451
151,451
151,451
151,451
151,451
151,451
151,451
151,451
151,451
151,451
151,451
151,451
151,451
151,451
151,451
151,451
151,451
151,451
151,451
151,451
151,451
151,451
151,451
151,451
151,451
151,451
151,451
151,451
151,451
151,451
151,451
151,451
151,451
151,451
151,451
151,451
151,451
151,451
151,451
151,451
151,451
151,451
151,451
151,451
151,451
151,451
151,451
151,451
151,451
151,451
151,451
151,451
151,451
151,451
151,451
151,451
151,451
151,451
151,451
151,451
151,451
151,451
151,451
151,451
151,451
151,451
151,451
151,451
151,451
151,451
151,451
151,451
151,451
151,451
151,451
151,451
151,451
151,451
151,451
151,451
151,451
151,451
151,451
151,451
151,451
151,451
151,451
151,451
151,451
151,451
151,451
151,451
151,451
151,451
151,451
151,451
151,451
151,451
293,640
535,807
585,811
647,819
727,820
812,825
863,835
875,837
875,837
875,837
875,837
875,837
875,837
875,837
880,838
890,841
900,843
901,843
901,843
901,843
901,843
901,843
899,843
186,585
0,482
1,468
5,464
5,464
24,483
50,494
50,494
50,494
50,494
50,494
206,390
251,365
239,365
164,351
89,372
98,460
125,471
125,471
125,471
125,471
125,471
125,471
125,471
125,471
125,471
125,471
125,471
125,471
125,471
125,471
125,471
125,471
125,471
125,471
125,471
125,471
125,471
125,471
125,471
125,471
125,471
125,471
125,471
125,471
125,471
125,471
125,471
125,471
125,471
125,471
125,471
125,471
125,471
125,471
125,471
125,471
125,471
125,471
125,471
125,471
125,471
125,471
125,471
125,471
125,471
125,471
125,471
125,471
125,471
125,471
125,471
125,471
125,471
125,471
125,471
125,471
125,471
125,471
125,471
125,471
125,471
125,471
125,471
125,471
125,471
125,471
125,471
125,471
125,471
125,471
125,471
125,471
125,471
125,471
125,471
125,471
125,471
125,471
125,471
125,471
125,471
125,471
125,471
125,471
125,471
125,471
125,471
125,471
125,471
125,471
125,471
125,471
125,471
125,471
125,471
125,471
125,471
125,471
125,471
125,471
125,471
125,471
125,471
125,471
125,471
125,471
125,471
125,471
125,471
125,471
125,471
125,471
125,471
125,471
125,471
125,471
125,471
125,471
125,471
125,471
125,471
125,471
125,471
125,471
125,471
125,471
125,471
125,471
125,471
125,471
125,471
125,471
125,471
125,471
125,471
125,471
125,471
125,471
125,471
125,471
125,471
125,471
125,471
125,471
125,471
125,471
125,471
125,471
125,471
125,471
125,471
125,471
125,471
125,471
125,471
125,471
125,471
125,471
125,471
125,471
125,471
125,471
125,471
125,471
125,471
125,471
125,471
125,471
125,471
125,471
125,471
125,471
125,471
125,471
125,471
125,471
125,471
125,471
125,471
125,471
125,471
125,471
125,471
125,471
125,471
125,471
125,471
125,471
125,471
125,471
125,471
125,471
125,471
125,471
125,471
125,471
125,471
125,471
125,471
125,471
125,471
125,471
125,471
125,471
125,471
125,471
125,471
125,471
125,471
125,471
125,471
125,471
125,471
125,471
125,471
125,471
125,471
125,471
125,471
125,471
125,471
125,471
125,471
125,471
125,471
125,471
125,471
125,471
125,471
125,471
125,471
125,471
125,471
125,471
125,471
125,471
125,471
125,471
125,471
125,471
125,471
125,471
125,471
125,471
125,471
125,471
125,471
125,471
125,471
125,471
125,471
125,471
125,471
125,471
125,471
125,471
125,471
125,471
125,471
125,471
125,471
125,471
100,471
0,540
0,544
68,511
85,490
87,489
87,489
88,489
88,489
88,489
98,462
107,435
111,434
120,434
128,434
131,434
131,434
131,434
131,434
131,434
131,434
131,434
131,434
131,434
131,434
131,434
131,434
131,434
131,434
131,434
131,434
131,434
131,434
131,434
131,434
131,434
131,434
131,434
131,434
131,434
131,434
131,434
131,434
131,434
131,434
131,434
131,434
131,434
131,434
131,434
131,434
131,434
131,434
131,434
131,434
131,434
131,434
131,434
131,434
131,434
131,434
131,434
131,434
131,434
131,434
131,434
131,434
131,434
131,434
131,434
131,434
131,434
131,434
131,434
131,434
131,434
131,434
131,434
131,434
131,434
131,434
131,434
131,434
131,434
131,434
131,434
131,434
131,434
131,434
131,434
131,434
131,434
131,434
131,434
131,434
131,434
131,434
131,434
131,434
131,434
131,434
131,434
131,434
131,434
131,434
131,434
131,434
131,434
131,434
131,434
131,434
131,434
131,434
131,434
131,434
131,434
131,434
131,434
131,434
131,434
131,434
131,434
131,434
131,434
131,434
131,434
131,434
131,434
131,434
131,434
131,434
131,434
131,434
131,434
131,434
131,434
131,434
131,434
131,434
131,434
131,434
131,434
131,434
131,434
131,434
131,434
131,434
131,434
131,434
131,434
131,434
131,434
131,434
131,434
131,434
131,434
131,434
131,434
131,434
131,434
131,434
131,434
131,434
131,434
131,434
131,434
131,434
131,434
131,434
131,434
131,434
131,434
131,434
131,434
131,434
131,434
131,434
131,434
131,434
131,434
131,434
131,434
131,434
131,434
131,434
131,434
131,434
131,434
131,434
131,434
131,434
131,434
131,434
131,434
131,434
131,434
131,434
131,434
131,434
131,434
131,434
147,336
608,0
730,0
759,16
758,17
649,37
634,47
634,48
638,49
644,47
644,47
644,47
644,47
644,47
539,47
0,169
2,234
61,310
95,335
134,366
134,366
134,366
134,366
134,366
134,366
134,366
134,366
134,366
134,366
134,366
134,366
134,366
134,366
134,366
134,366
145,415
156,470
156,472
156,472
156,472
156,472
156,472
156,472
156,472
156,472
156,472
156,472
156,472
156,472
156,472
156,472
156,472
156,472
156,472
156,472
156,472
156,472
156,472
156,472
156,472
156,472
156,472
156,472
156,472
156,472
156,472
156,472
156,472
156,472
156,472
156,472
156,472
156,472
156,472
156,472
156,472
156,472
156,472
156,472
156,472
156,472
156,472
200,544
230,579
255,603
269,623
292,699
294,707
295,707
296,702
296,696
296,691
296,689
296,689
296,689
296,689
296,689
296,689
296,689
296,689
296,689
296,689
296,689
296,689
296,689
296,689
296,689
296,689
296,689
296,689
296,689
296,689
296,689
296,689
296,689
296,689
296,689
296,689
296,689
296,689
296,689
296,689
295,689
128,568
49,500
103,460
177,411
182,408
178,408
85,412
68,412
71,412
84,416
89,418
89,418
89,418
89,418
89,418
89,418
89,418
89,418
89,418
89,418
89,418
89,418
89,418
89,418
89,418
89,418
89,418
89,418
89,418
89,418
89,418
89,418
89,418
89,418
89,418
89,418
89,418
89,418
89,418
89,418
89,418
91,425
112,444
141,461
144,462
144,462
144,462
144,462
144,462
158,451
165,442
166,442
166,442
166,442
166,442
166,442
166,442
166,442
166,442
166,442
166,442
166,442
166,442
166,442
166,442
166,442
166,442
166,442
166,442
166,442
166,442
166,442
166,442
166,442
166,442
166,442
166,442
166,442
166,442
166,442
171,444
195,458
203,460
203,460
203,460
203,460
203,460
203,460
203,460
203,460
203,460
203,460
203,460
203,460
203,460
203,460
203,460
203,460
204,460
204,460
204,460
204,460
204,460
204,460
204,460
204,460
204,460
204,460
204,460
204,460
204,460
204,460
204,460
204,460
204,460
204,460
204,460
204,460
204,460
204,460
204,460
204,460
204,460
204,460
204,460
204,460
204,460
204,460
204,460
204,460
204,460
204,460
204,460
204,460
204,460
204,460
204,460
204,460
204,460
204,460
204,460
204,460
204,460
204,460
204,460
204,460
204,460
204,460
232,494
295,561
355,614
379,624
381,624
381,624
381,624
381,624
381,624
383,624
383,624
383,624
373,612
82,392
2,336
18,329
35,323
49,322
68,312
108,288
108,288
108,288
108,288
108,288
108,288
108,288
108,288
191,230
412,41
437,28
437,28
437,28
446,27
482,17
485,16
493,45
495,50
495,50
495,50
495,50
495,50
495,50
495,50
495,50
495,50
481,56
380,69
362,71
413,58
439,49
452,49
459,58
460,63
462,60
462,56
460,53
460,51
460,51
460,51
460,51
460,51
460,51
460,67
442,323
425,374
420,374
416,342
417,304
419,297
420,294
421,289
421,283
421,275
421,274
421,274
421,274
421,274
421,274
421,274
421,274
421,274
453,344
542,538
542,538
542,538
734,476
843,429
848,427
848,427
848,427
848,427
848,427
848,427
848,427
848,427
848,427
490,371
6,309
0,307
31,316
53,317
60,310
60,310
60,290
60,277
55,259
55,257
55,257
55,257
54,258
54,258
54,258
54,258
54,258
54,258
54,258
54,258
54,258
54,258
54,258
54,258
54,258
54,258
54,258
54,258
54,258
54,258
54,258
54,258
54,258
54,258
54,258
54,258
54,258
54,258
54,258
54,258
54,258
54,258
54,258
54,258
54,258
54,258
54,258
54,258
54,258
54,258
54,258
54,258
54,258
54,258
54,258
54,258
54,258
54,258
54,258
54,258
54,258
54,258
54,258
54,258
54,258
54,258
54,258
54,258
54,258
54,258
54,258
54,258
54,258
54,258
54,258
54,258
54,258
54,258
54,258
54,258
54,258
54,258
54,258
54,258
54,258
54,258
54,258
54,258
54,258
54,258
54,258
54,258
54,258
54,258
54,258
54,258
54,258
54,258
54,258
54,258
54,258
54,258
54,258
54,258
54,258
54,258
54,258
54,258
54,258
54,258
54,258
54,258
54,258
54,258
54,258
54,258
54,258
54,258
54,258
54,258
54,258
54,258
54,258
54,258
54,258
54,258
54,258
54,258
54,258
54,258
54,258
54,258
54,258
54,258
54,258
54,258
54,258
54,258
54,258
54,258
54,258
54,258
54,258
54,258
54,258
54,258
54,258
54,258
54,258
54,258
54,258
54,258
54,258
54,258
54,258
54,258
54,258
54,258
54,258
54,258
54,258
54,258
54,258
54,258
54,258
54,258
54,258
54,258
54,258
54,258
54,258
54,258
54,258
54,258
54,258
54,258
54,258
54,258
54,258
54,258
54,258
54,258
54,258
54,258
54,258
54,258
54,258
54,258
54,258
54,258
54,258
54,258
54,258
54,258
54,258
54,258
54,258
54,258
54,258
54,258
54,258
54,258
54,258
54,258
54,258
54,258
54,258
54,258
54,258
54,258
54,258
54,258
54,258
54,258
54,258
54,258
54,258
54,258
54,258
54,258
54,258
54,258
54,258
54,258
54,258
54,258
54,258
54,258
54,258
54,258
54,258
54,258
54,258
54,258
54,258
54,258
54,258
54,258
54,258
54,258
54,258
54,258
54,258
54,258
54,258
54,258
54,258
54,258
54,258
54,258
54,258
54,258
54,258
54,258
54,258
54,258
54,258
54,258
54,258
54,258
54,258
54,258
54,258
54,258
54,258
54,258
54,258
54,258
54,258
54,258
54,258
54,258
54,258
54,258
54,258
54,258
54,258
54,258
54,258
54,258
54,258
54,258
54,258
54,258
54,258
54,258
54,258
54,258
54,258
54,258
54,258
54,258
54,258
54,258
54,258
54,258
54,258
54,258
54,258
54,258
54,258
54,258
54,258
54,258
54,258
54,258
54,258
54,258
54,258
54,258
54,258
54,258
54,258
54,258
54,258
54,258
54,258
54,258
54,258
205,363
1,429
0,442
17,446
98,431
101,432
101,471
226,513
292,510
87,514
0,510
0,510
13,515
54,525
54,525
54,525
54,525
54,525
54,525
54,525
54,525
54,525
54,525
54,525
54,525
54,525
54,525
54,525
54,525
54,525
54,525
54,525
54,525
54,525
54,525
54,525
54,525
54,525
54,525
54,525
54,525
54,525
54,525
54,525
54,525
54,525
54,525
54,525
54,525
54,525
54,525
54,525
54,525
54,525
54,525
54,525
54,525
54,525
54,525
54,525
54,525
54,525
54,525
54,525
54,525
54,525
54,525
54,525
54,525
54,525
54,525
54,525
54,525
54,525
54,525
54,525
54,525
54,525
54,525
54,525
54,525
54,525
54,525
54,525
54,525
54,525
54,525
54,525
54,525
54,525
54,525
54,525
54,525
54,525
54,525
54,525
54,525
54,525
54,525
54,525
54,525
54,525
54,525
54,525
54,525
54,525
54,525
54,525
54,525
54,525
54,525
54,525
54,525
54,525
54,525
54,525
54,525
54,525
54,525
54,525
54,525
54,525
54,525
54,525
54,525
54,525
54,525
54,525
54,525
54,525
54,525
54,525
54,525
54,525
54,525
54,525
54,525
54,525
54,525
54,525
54,525
54,525
54,525
54,525
54,525
54,525
54,525
54,525
54,525
54,525
54,525
54,525
54,525
54,525
54,525
54,525
54,525
54,525
54,525
54,525
54,525
54,525
54,525
54,525
54,525
54,525
54,525
54,525
54,525
54,525
54,525
54,525
54,525
54,525
54,525
54,525
54,525
54,525
54,525
54,525
54,525
54,525
54,525
54,525
54,525
54,525
54,525
54,525
54,525
54,525
54,525
54,525
54,525
54,525
54,525
54,525
54,525
54,525
54,525
54,525
54,525
54,525
54,525
54,525
54,525
54,525
54,525
54,525
54,525
54,525
54,525
54,525
54,525
54,525
54,525
54,525
54,525
54,525
54,525
54,525
54,525
54,525
54,525
54,525
54,525
54,525
54,525
54,525
54,525
54,525
54,525
54,525
54,525
54,525
54,525
54,525
54,525
54,525
54,525
54,525
54,525
54,525
54,525
54,525
54,525
54,525
54,525
54,525
54,525
54,525
206,546
623,743
745,840
863,838
863,838
863,838
885,838
902,842
903,842
903,842
903,842
903,842
903,842
817,781
520,649
339,648
278,648
220,661
175,700
121,707
89,700
86,700
85,700
85,702
100,702
100,702
113,686
297,201
492,0
502,20
506,91
506,94
506,85
506,78
506,77
506,77
506,77
506,77
506,77
506,77
506,77
506,77
506,77
506,77
506,77
506,77
506,77
506,77
506,77
506,77
506,77
506,77
506,77
493,54
530,70
785,204
845,225
846,225
846,225
846,225
846,225
875,474
930,624
930,624
931,612
898,545
623,368
577,370
583,381
591,381
824,483
1003,858
1009,899
990,899
987,899
987,899
984,896
969,881
969,881
969,881
580,734
0,544
0,550
41,562
69,549
73,547
73,547
73,547
73,547
73,547
73,547
73,547
73,547
73,547
73,547
73,547
73,547
73,547
73,547
73,547
73,547
73,547
73,547
73,547
73,547
73,546
86,532
91,527
91,527
94,527
104,527
105,527
105,527
105,527
105,527
105,527
105,527
105,527
105,527
105,527
105,527
105,527
105,527
117,563
143,638
144,641
144,641
144,641
144,641
144,641
144,641
144,641
144,641
144,641
144,641
144,641
144,641
144,641
144,641
144,643
152,677
154,684
154,684
154,684
154,684
148,681
90,615
82,592
104,565
113,559
114,557
114,557
114,557
114,557
114,557
114,557
114,557
114,557
114,557
114,557
114,557
114,557
114,557
114,557
114,557
114,557
114,557
114,557
114,557
114,557
114,557
114,557
114,557
114,557
114,557
114,557
114,557
114,557
114,557
114,556
114,556
179,556
300,546
329,543
347,543
375,546
407,546
408,546
408,545
406,545
406,545
406,545
406,545
406,545
406,545
406,545
406,545
406,545
406,545
406,545
406,545
406,545
406,545
406,545
406,545
301,530
85,529
11,483
71,452
158,425
159,425
159,425
159,425
159,425
159,425
159,425
159,425
159,425
719,791
1080,899
1080,899
1010,886
929,860
942,864
970,870
970,870
931,867
927,867
927,867
927,867
927,867
927,867
219,640
0,505
26,475
31,469
31,469
31,469
31,469
51,455
92,409
92,409
92,409
92,409
92,409
92,409
92,409
92,409
92,409
92,409
92,409
92,409
92,409
92,409
92,409
92,409
92,409
92,409
92,409
92,409
92,409
92,409
92,409
92,409
92,409
92,409
92,409
92,409
92,409
226,300
312,246
363,239
402,214
402,214
402,214
353,200
342,194
339,161
337,157
337,157
337,157
337,161
335,164
335,168
335,169
335,169
335,169
335,169
335,169
335,169
333,169
41,358
0,454
0,456
0,456
0,456
0,456
0,456
0,456
0,456
0,456
0,456
0,456
0,456
0,456
0,456
22,447
121,398
171,365
176,361
182,361
639,316
727,299
724,299
558,294
526,280
522,256
533,249
538,248
538,248
538,248
538,248
538,248
538,248
468,245
58,319
0,390
0,407
0,424
20,439
30,440
60,440
60,440
60,440
60,440
60,440
60,440
60,440
60,440
60,440
60,440
60,440
60,440
60,440
60,440
63,440
177,477
189,487
189,487
189,487
189,487
189,487
189,487
189,487
189,487
189,487
189,487
189,487
189,487
189,487
189,487
189,487
189,487
189,487
189,487
189,487
189,487
189,487
189,487
189,487
189,487
189,487
189,487
189,487
189,487
189,487
189,487
189,487
183,487
20,486
4,497
162,506
171,506
171,506
171,506
171,506
171,506
171,506
171,506
171,506
171,506
171,506
171,506
171,506
171,506
171,506
171,506
171,506
171,506
171,506
171,506
171,506
171,506
171,506
171,506
171,506
171,506
171,506
171,506
171,506
171,506
171,506
171,506
171,506
171,506
171,506
171,506
171,506
171,506
171,506
171,506
171,506
171,506
171,506
171,506
171,506
171,506
171,506
171,506
171,506
171,506
171,506
171,506
171,506
171,506
171,506
171,506
171,506
171,506
171,506
171,506
171,506
171,506
171,506
171,506
171,506
171,506
171,506
171,506
171,506
171,506
171,506
171,506
171,506
171,506
171,506
171,506
171,506
171,506
171,506
171,506
171,506
171,506
171,506
171,506
171,506
171,506
171,506
171,506
171,506
171,506
171,506
171,506
171,506
171,506
171,506
171,506
171,506
171,506
171,506
171,506
171,506
171,506
171,506
171,506
171,506
171,506
171,506
171,506
171,506
171,506
171,506
171,506
171,506
171,506
171,506
171,506
171,506
171,506
171,506
171,506
171,506
171,506
183,437
377,0
389,0
406,10
361,18
246,46
242,48
246,48
263,47
263,47
263,47
263,47
263,47
264,47
817,654
1280,899
1282,881
1225,856
1135,855
1061,858
1000,855
957,855
940,853
936,853
934,853
934,853
934,853
934,853
934,853
0,672
0,618
24,601
27,596
27,596
27,596
27,596
41,571
90,494
95,489
102,489
102,489
102,489
102,489
102,489
102,489
102,489
102,489
102,489
102,489
102,489
102,489
102,489
102,489
102,489
102,489
102,489
102,489
102,489
102,489
102,489
102,489
102,489
102,489
102,489
102,489
102,489
102,489
102,489
102,489
102,489
102,489
102,489
102,489
102,489
102,489
102,489
102,489
102,489
102,489
102,489
102,489
102,489
102,489
102,489
102,489
102,489
102,489
102,489
102,489
102,489
102,489
102,489
102,489
102,489
102,489
102,489
102,489
102,489
102,489
102,489
102,489
102,489
102,489
102,489
102,489
102,489
102,489
102,489
102,489
102,489
102,489
102,489
102,489
102,489
102,489
102,489
102,489
102,489
102,489
102,489
102,489
102,489
102,489
102,489
102,489
102,489
102,489
102,489
102,489
102,489
102,489
102,489
102,489
102,489
102,489
102,489
102,489
102,489
102,489
102,489
102,489
102,489
102,489
102,489
102,489
102,489
102,489
102,489
102,489
102,489
102,489
102,489
102,489
102,489
102,489
102,489
102,489
102,489
102,489
102,489
102,489
102,489
102,489
102,489
102,489
102,489
102,489
102,489
102,489
102,489
102,489
102,489
102,489
102,489
102,489
102,489
102,489
102,489
102,489
102,489
102,489
102,489
102,489
102,489
102,489
102,489
102,489
102,489
102,489
102,489
102,489
102,489
102,489
102,489
102,489
102,489
102,489
102,489
102,489
102,489
102,489
102,489
102,489
102,489
102,489
102,489
102,489
102,489
102,489
102,489
102,489
102,489
102,489
102,489
102,489
102,489
102,489
102,489
102,489
102,489
102,489
102,489
102,489
102,489
102,489
102,489
102,489
102,489
102,489
102,489
102,489
102,489
102,489
102,489
102,489
102,489
102,489
102,489
102,489
102,489
0,347
0,347
0,347
0,347
0,347
0,347
0,347
0,347
0,347
0,347
0,347
0,347
0,347
0,347
0,347
0,347
0,347
0,347
0,347
0,347
0,347
0,347
0,347
0,347
0,347
0,347
0,347
0,347
0,347
0,347
0,347
0,347
0,347
0,347
0,347
0,347
0,347
0,347
0,347
0,347
0,347
0,347
0,347
0,347
0,347
0,347
0,347
0,373
0,417
0,442
12,456
22,466
53,469
88,454
89,453
89,453
89,453
146,448
169,441
169,441
150,441
121,444
120,450
134,460
145,462
146,462
146,462
146,462
146,462
146,462
146,462
146,462
146,462
146,462
146,462
146,462
146,462
146,462
146,462
146,462
146,462
146,462
146,462
146,462
146,462
146,462
146,462
146,462
146,462
146,462
146,462
146,462
146,462
146,462
146,462
146,462
146,462
146,462
146,462
146,462
146,462
146,462
146,462
146,462
146,462
146,462
146,462
146,462
146,462
146,462
146,462
146,462
146,462
146,462
146,462
146,462
146,462
146,462
146,462
146,462
146,462
146,462
146,462
146,462
146,462
146,462
146,462
146,462
146,462
146,462
146,462
146,462
146,462
146,462
146,462
146,462
146,462
146,462
146,462
146,462
146,462
146,462
146,462
146,462
146,462
146,462
146,462
146,462
146,462
146,462
146,462
146,462
146,462
146,462
146,462
146,462
146,462
146,462
146,462
146,462
146,462
146,462
146,462
146,462
146,462
146,462
146,462
146,462
146,462
146,462
146,462
146,462
146,462
146,462
146,462
146,462
146,462
146,462
146,462
146,462
146,462
146,462
146,462
146,462
146,462
146,462
146,462
146,462
146,462
146,462
146,462
146,462
146,462
146,462
146,462
146,462
146,462
146,462
146,462
146,462
146,462
146,462
146,462
146,462
146,462
146,462
146,462
146,462
146,462
146,462
146,462
146,462
146,462
146,462
146,462
146,462
146,462
146,462
146,462
146,462
146,462
146,462
146,462
146,462
146,462
146,462
146,462
146,462
146,462
146,462
146,462
146,462
146,462
146,462
146,462
146,462
146,462
146,462
146,462
146,462
146,462
146,462
146,462
146,462
146,462
146,462
146,462
146,462
146,462
146,462
146,462
146,462
146,462
146,462
146,462
146,462
146,462
146,462
146,462
146,462
146,462
146,462
146,462
146,462
146,462
146,462
146,462
146,462
146,462
146,462
146,462
146,462
146,462
146,462
146,462
146,462
146,462
146,462
146,462
146,462
146,462
146,462
146,462
146,462
146,462
146,462
146,462
146,462
146,462
146,462
146,462
146,462
146,462
146,462
146,462
146,462
146,462
146,462
146,462
146,462
146,462
146,462
146,462
146,462
146,462
146,462
146,462
146,462
146,462
146,462
146,462
146,462
146,462
146,462
146,462
146,462
146,462
146,462
146,462
146,462
146,462
146,462
146,462
146,462
146,462
146,462
146,462
146,462
146,462
146,462
146,462
146,462
146,462
146,462
146,462
146,462
146,462
146,462
146,462
146,462
146,462
146,462
146,462
146,462
146,462
146,462
146,462
146,462
146,462
146,462
146,462
146,462
146,462
146,462
146,462
146,462
146,462
146,462
146,462
146,462
146,462
146,462
146,462
146,462
146,462
146,462
146,462
146,462
146,462
146,462
146,462
146,462
146,462
146,462
146,462
146,462
146,462
146,462
146,462
146,462
146,462
146,462
146,462
146,462
146,462
146,462
146,462
146,462
175,477
446,554
480,561
482,562
482,562
482,562
482,562
482,562
482,562
482,562
482,562
482,562
482,562
482,562
482,562
482,562
482,562
482,562
482,562
482,562
482,562
482,562
482,562
482,562
482,562
482,562
482,562
482,562
482,562
482,562
482,562
482,562
482,562
482,562
482,562
482,562
482,562
482,562
482,562
482,562
482,562
482,562
482,562
482,562
482,562
482,562
482,562
482,562
482,562
482,562
482,562
482,562
482,562
482,562
482,562
482,562
482,562
482,562
482,562
482,562
482,562
482,562
482,562
482,562
482,562
482,562
482,562
482,562
712,706
823,773
908,754
934,763
903,818
898,844
900,844
902,845
902,845
902,845
902,845
902,845
897,845
46,589
0,582
50,543
85,502
87,500
87,500
87,500
87,500
87,500
87,500
87,500
87,500
87,500
87,500
87,500
87,500
87,500
87,500
87,500
87,500
87,500
87,500
87,500
87,500
87,500
87,500
87,500
87,500
87,500
87,500
87,500
87,500
87,500
87,500
87,500
87,500
87,500
87,500
105,469
113,448
113,448
113,448
113,448
113,448
113,448
113,448
113,448
113,448
113,448
113,448
113,448
113,448
113,448
113,448
113,448
113,448
113,448
113,448
113,448
113,448
113,448
113,448
113,448
113,448
113,448
113,448
113,448
113,448
113,448
113,448
113,448
113,448
113,448
113,448
113,448
113,448
113,448
113,448
113,448
113,448
113,448
113,448
113,448
113,448
113,448
113,448
113,448
113,448
113,448
113,448
113,489
143,559
151,564
170,514
169,489
114,485
93,494
119,501
134,500
134,500
134,500
134,500
134,500
134,500
134,500
134,500
134,500
134,500
134,500
134,500
134,500
134,500
134,500
134,500
134,500
134,500
134,500
134,500
134,500
134,500
134,500
134,500
134,500
134,500
134,500
134,500
134,500
134,500
134,500
134,500
134,500
134,500
134,500
134,500
134,500
134,500
134,500
134,500
134,500
134,500
134,500
134,500
134,500
134,500
134,500
134,500
134,500
134,500
134,500
134,500
134,500
134,500
134,500
134,500
134,500
134,500
134,500
134,500
134,500
134,500
134,500
134,500
134,500
134,500
134,500
134,500
134,500
134,500
134,500
134,500
134,500
134,500
134,500
134,500
134,500
134,500
134,500
134,500
134,500
134,500
134,500
134,500
134,500
134,500
134,500
134,500
139,519
155,546
155,547
155,547
155,547
155,547
155,547
155,547
155,547
155,547
155,547
155,547
155,547
155,547
155,547
155,547
155,547
155,547
155,547
155,547
155,547
155,547
155,547
155,547
155,547
155,547
155,547
155,547
155,547
155,547
155,547
155,547
155,547
155,547
155,547
155,547
155,547
155,547
155,547
155,547
155,547
155,547
155,547
155,547
155,547
155,547
155,547
155,547
155,547
155,547
155,547
155,547
155,547
155,547
155,547
155,547
155,547
155,547
161,596
297,535
384,410
335,382
125,350
99,372
108,411
127,437
129,438
135,440
138,440
142,440
145,432
150,423
150,425
155,451
156,458
156,458
159,457
161,455
161,455
161,455
161,455
161,455
161,455
161,455
161,455
161,455
161,455
161,455
161,455
161,455
161,455
161,455
161,455
161,455
161,455
161,455
161,455
161,455
161,455
161,455
161,455
161,455
161,455
161,455
161,455
161,455
161,455
161,455
161,455
161,455
161,455
161,455
161,455
161,455
161,455
161,455
161,455
161,455
161,455
161,455
161,455
161,455
161,455
161,455
161,455
161,455
161,455
161,455
161,455
161,455
161,455
161,455
161,455
161,455
161,455
161,455
161,455
161,455
161,455
161,455
161,455
161,455
161,455
161,455
161,455
161,455
161,455
161,455
161,455
161,455
161,455
161,455
161,455
161,455
161,455
161,455
161,455
161,455
161,455
161,455
161,455
161,455
161,455
161,455
161,455
161,455
161,455
161,455
161,455
161,455
161,455
161,455
161,455
161,455
161,455
161,455
161,455
161,455
161,455
161,455
161,455
161,455
161,455
161,455
161,455
161,455
161,455
161,455
161,455
161,455
161,455
161,455
161,455
161,455
161,455
161,455
161,455
161,455
161,455
161,455
161,455
161,455
161,455
161,455
161,455
161,455
161,455
161,455
161,455
161,455
218,537
567,830
625,863
630,863
687,863
819,854
852,854
875,854
890,857
894,857
894,857
894,857
853,848
273,673
160,622
158,621
158,621
158,621
158,621
158,621
158,621
158,621
158,621
158,621
158,621
158,621
158,621
153,562
148,0
179,0
188,7
224,46
234,52
237,52
248,48
250,48
250,48
250,48
250,48
261,44
262,43
262,43
262,43
262,43
262,43
262,43
262,43
262,43
262,43
262,43
262,43
262,43
261,43
260,43
259,43
259,43
259,43
259,43
259,43
259,43
259,43
259,43
259,43
259,43
259,43
259,43
259,43
259,43
255,43
385,198
963,899
996,899
982,886
558,590
288,524
233,525
211,515
215,516
236,524
236,524
236,524
236,524
236,524
236,524
236,524
236,524
236,524
236,524
236,524
236,524
236,524
236,524
236,524
236,524
236,524
236,524
236,524
236,524
236,524
236,524
236,524
236,524
236,524
236,524
236,524
236,524
236,524
236,524
236,524
236,524
236,524
236,524
236,524
236,524
236,524
236,524
236,524
236,524
236,524
236,524
236,524
236,524
236,524
236,524
236,524
236,524
236,524
236,524
236,524
236,524
236,524
236,524
236,524
236,524
236,524
236,524
236,524
236,524
236,524
236,524
236,524
236,524
236,524
236,524
236,524
236,524
236,524
236,524
236,524
236,524
236,524
236,524
236,524
236,524
236,524
236,524
236,524
236,524
236,524
236,524
236,524
236,524
236,524
236,524
236,524
236,524
236,524
236,524
236,524
236,524
236,524
236,524
236,524
236,524
236,524
236,524
236,524
236,524
236,524
236,524
236,524
236,524
236,524
236,524
236,524
236,524
236,524
236,524
236,524
236,524
236,524
236,524
236,524
236,524
236,524
236,524
236,524
236,524
236,524
236,524
236,524
236,524
236,524
236,524
236,524
236,524
236,524
236,524
236,524
236,524
236,524
236,524
236,524
236,524
236,524
236,524
236,524
236,524
236,523
236,523
236,523
236,523
236,523
236,523
1027,398
789,498
756,507
701,483
714,462
714,461
714,462
714,457
713,453
712,449
710,443
710,443
710,443
710,443
710,443
710,443
710,443
710,443
710,443
710,443
710,443
710,443
710,443
710,443
710,443
710,443
710,443
710,443
710,443
710,443
710,443
710,443
710,443
710,443
710,443
710,443
710,443
710,443
710,443
710,443
710,443
710,443
710,443
710,443
751,443
1061,44
1098,0
867,255
712,477
712,482
718,482
696,595
681,677
663,657
469,634
278,626
272,625
272,625
272,625
257,620
286,577
519,537
558,523
558,523
558,523
511,534
395,538
390,533
390,533
372,532
372,532
372,532
372,532
372,532
372,532
537,626
797,642
813,630
773,651
773,651
773,651
773,651
773,651
773,651
773,651
773,651
773,651
773,651
773,651
773,651
773,651
773,651
773,651
773,651
773,651
773,651
773,651
773,651
773,651
773,651
773,651
773,651
773,651
773,651
773,651
773,651
773,651
773,651
773,651
773,651
773,651
773,651
773,651
773,651
773,651
773,651
773,651
773,651
773,651
773,651
773,651
769,648
452,549
237,506
237,506
237,506
237,506
237,506
237,506
308,617
610,899
731,899
740,870
740,844
723,849
692,862
692,862
692,862
690,862
690,862
690,862
690,862
687,853
609,724
415,251
414,228
414,228
414,228
414,228
414,228
414,228
414,202
353,0
353,0
353,0
353,0
353,0
353,0
353,0
353,0
353,0
353,0
353,0
353,0
353,0
353,0
353,0
353,0
353,0
353,0
353,0
353,0
353,0
353,0
353,0
353,0
353,0
353,0
353,0
353,0
353,0
353,0
353,0
353,0
353,0
353,0
353,0
353,0
353,0
353,0
353,0
353,0
353,0
353,0
353,0
353,0
353,0
353,0
353,0
353,0
353,0
353,0
353,0
353,0
353,0
353,0
353,0
353,0
353,0
353,0
353,0
353,0
353,0
353,0
353,0
353,0
353,0
353,0
353,0
353,0
353,0
353,0
353,0
353,0
353,0
353,0
353,0
353,0
353,0
353,0
353,0
353,0
353,0
353,0
353,0
353,0
353,0
353,0
353,0
353,0
353,0
353,0
353,0
353,0
353,0
353,0
353,0
353,0
353,0
353,0
353,0
353,0
353,0
353,0
353,0
353,0
353,0
353,0
353,0
353,0
353,0
353,0
353,0
353,0
353,0
353,0
353,0
353,0
353,0
353,0
353,0
353,0
353,0
353,0
353,0
353,0
353,0
353,0
353,0
353,0
353,0
353,0
353,0
353,0
353,0
353,0
353,0
353,0
353,0
353,0
353,0
353,0
353,0
353,0
353,0
353,0
353,0
353,0
353,0
353,0
353,0
353,0
353,0
353,0
353,0
353,0
353,0
353,0
353,0
353,0
353,0
353,0
353,0
353,0
353,0
353,0
353,0
353,0
353,0
353,0
353,0
353,0
353,0
353,0
353,0
353,0
353,0
353,0
353,0
353,0
353,0
353,0
353,0
353,0
353,0
353,0
353,0
353,0
353,0
353,0
353,0
353,0
353,0
353,0
353,0
353,0
353,0
353,0
353,0
353,0
353,0
353,0
353,0
353,0
353,0
353,0
353,0
353,0
353,0
353,0
353,0
353,0
353,0
353,0
353,0
353,0
353,0
353,0
353,0
353,0
353,0
353,0
353,0
353,0
353,0
353,0
353,0
353,0
353,0
353,0
353,0
353,0
353,0
353,0
353,0
353,0
353,0
353,0
353,0
353,0
353,0
353,0
353,0
353,0
353,0
353,0
353,0
353,0
353,0
353,0
353,0
353,0
353,0
353,0
353,0
353,0
353,0
353,0
353,0
353,0
353,0
353,0
353,0
353,0
353,0
353,0
353,0
353,0
353,0
353,0
353,0
353,0
353,0
353,0
353,0
353,0
353,0
353,0
353,0
353,0
353,0
353,0
353,0
353,0
353,0
353,0
353,0
353,0
353,0
353,0
353,0
353,0
353,0
353,0
353,0
353,0
353,0
353,0
353,0
353,0
353,0
353,0
353,0
353,0
353,0
353,0
353,0
353,0
353,0
353,0
353,0
353,0
353,0
353,0
353,0
353,0
353,0
353,0
353,0
353,0
353,0
353,0
353,0
353,0
353,0
353,0
353,0
353,0
353,0
353,0
353,0
353,0
353,0
353,0
353,0
353,0
353,0
353,0
353,0
353,0
353,0
353,0
353,0
353,0
353,0
353,0
353,0
353,0
353,0
353,0
353,0
353,0
353,0
353,0
353,0
353,0
353,0
353,0
353,0
353,0
353,0
353,0
353,0
353,0
353,0
353,0
353,0
353,0
353,0
353,0
353,0
353,0
353,0
353,0
353,0
353,0
353,0
353,0
360,42
416,177
432,187
440,335
437,438
437,438
436,440
387,374
377,345
379,344
390,344
393,340
294,227
87,84
87,84
264,135
1439,818
1203,898
973,863
1001,899
1011,899
991,871
959,858
951,862
927,871
926,872
926,872
926,872
926,872
926,872
926,872
906,796
613,0
590,0
594,0
646,26
648,35
648,35
649,40
649,42
649,42
649,42
649,42
649,42
649,42
649,42
649,42
649,42
649,42
649,42
649,42
629,43
0,235
82,347
1209,398
1304,327
1304,327
1294,322
947,191
1157,188
1215,197
1215,197
1215,197
1215,197
1087,213
864,251
902,256
902,258
902,258
902,258
902,258
902,258
902,258
902,258
918,258
1103,257
1195,255
1194,255
1263,218
1330,161
1330,160
1334,160
1370,141
1384,128
1399,120
1418,111
1418,111
1418,111
1418,111
1418,111
1418,111
1418,111
1418,111
1418,111
1418,111
1418,111
1418,111
1418,111
1418,111
1418,111
1418,111
1418,111
1418,111
1418,111
1418,111
1418,111
1418,111
1417,112
1411,119
1410,123
1410,123
1410,123
1410,123
1410,123
1410,123
1245,123
991,157
990,160
989,161
988,161
988,161
979,160
128,0
11,0
61,16
239,131
391,263
398,267
398,267
218,273
0,218
14,216
14,216
14,216
14,216
14,216
15,209
0,164
0,402
207,428
283,372
173,347
28,333
26,332
25,331
25,331
25,331
33,327
21,287
22,286
29,290
29,290
40,280
41,278
41,275
41,270
41,270
41,270
41,270
162,183
213,143
215,142
260,93
294,48
299,44
299,42
299,41
299,41
299,41
299,41
299,41
299,41
299,41
299,41
299,41
299,41
299,41
323,59
361,65
362,60
480,47
517,52
517,52
515,52
502,52
502,52
502,52
502,52
496,58
81,249
54,282
108,282
108,282
108,282
108,282
108,282
108,282
108,282
108,282
108,282
108,282
108,282
108,282
108,282
108,282
108,282
83,327
57,477
73,478
84,473
84,473
84,473
84,473
84,473
84,473
84,473
84,477
77,627
96,656
150,649
157,647
163,643
163,643
163,643
163,643
163,643
163,643
163,643
163,643
163,643
163,643
163,643
163,643
163,643
163,643
163,643
163,643
163,643
163,643
163,643
163,643
163,643
163,643
163,643
163,643
163,643
163,643
163,643
163,643
163,643
163,643
163,643
163,643
163,643
163,643
163,643
163,643
163,643
163,643
163,643
163,643
163,643
163,643
163,643
163,643
163,643
163,643
163,643
163,643
163,643
163,643
163,643
163,643
163,643
163,643
163,643
163,643
163,643
163,643
163,643
163,643
163,643
163,643
163,643
163,643
163,643
163,643
163,643
163,643
163,643
163,643
163,643
163,643
163,643
163,643
163,643
163,643
163,643
163,643
163,643
163,643
163,643
163,643
163,643
163,643
163,643
163,643
163,643
163,643
163,643
163,643
163,643
163,643
163,643
163,643
163,643
163,643
163,643
163,643
163,643
163,643
163,643
163,643
163,643
163,643
163,643
163,643
163,643
163,643
163,643
163,643
163,643
163,643
163,643
163,643
163,643
163,643
163,643
163,643
163,643
163,643
163,643
163,643
163,643
163,643
163,643
163,643
163,643
163,643
163,643
163,643
163,643
163,643
163,643
163,643
163,643
163,643
163,643
163,643
163,643
163,643
163,643
163,643
163,643
163,643
163,643
163,643
163,643
163,643
163,643
163,643
163,643
163,643
163,643
163,643
163,643
163,643
163,643
163,643
163,643
163,643
163,643
163,643
163,643
163,643
163,643
163,643
163,643
163,643
163,643
163,643
163,643
163,643
163,643
163,643
163,643
163,643
163,643
163,643
163,643
163,643
163,643
163,643
163,643
163,643
163,643
163,643
163,643
163,643
163,643
163,643
163,643
163,643
165,642
257,662
413,668
491,668
517,668
566,658
609,646
621,646
622,646
622,646
622,646
622,646
622,646
622,646
622,646
622,646
622,646
622,646
622,646
622,646
622,646
622,646
622,646
622,646
622,646
622,646
622,646
622,646
622,646
622,646
622,646
622,646
622,646
622,646
454,596
0,473
2,487
93,518
111,518
111,518
111,518
111,518
111,518
111,518
111,518
111,518
111,518
111,518
111,518
111,518
111,518
111,518
111,518
111,518
111,518
111,518
111,518
111,518
111,518
111,518
111,518
111,518
111,518
111,518
111,518
111,518
111,518
111,518
111,518
111,518
119,519
175,577
192,611
113,618
61,599
117,602
134,610
136,610
136,610
136,610
136,610
136,610
136,610
136,610
136,610
136,610
136,610
149,628
157,641
157,641
157,641
157,641
157,641
157,641
157,641
157,641
157,641
157,641
157,641
157,641
157,641
157,641
157,641
157,641
157,641
157,641
157,641
157,641
157,641
157,641
157,641
157,641
157,641
157,641
157,641
157,641
157,641
157,641
157,641
157,641
157,641
157,641
157,641
157,641
157,641
157,641
157,641
157,641
157,641
157,641
157,641
157,641
157,641
157,641
157,641
157,641
157,641
157,641
157,641
157,641
157,641
157,641
157,641
157,641
157,641
157,641
157,641
157,641
157,641
157,641
157,641
157,641
157,641
157,641
157,641
157,641
157,641
157,641
157,641
157,641
157,641
157,641
157,641
157,641
157,641
157,641
157,641
157,641
157,641
157,641
157,641
157,641
157,641
157,641
157,641
157,641
157,641
157,641
157,641
157,641
157,641
157,641
157,641
157,641
157,641
157,641
157,641
157,641
157,641
157,641
157,641
157,641
157,641
157,641
157,641
157,641
157,641
157,641
157,641
157,641
157,641
157,641
157,641
157,641
157,641
157,641
157,641
157,641
157,641
157,641
157,641
157,641
157,641
157,641
157,641
157,641
157,641
157,641
157,641
157,641
157,641
157,641
157,641
157,641
157,641
157,641
157,641
157,641
157,641
157,641
157,641
157,641
157,641
157,641
157,641
157,641
157,641
157,641
157,641
157,641
157,641
157,641
157,641
157,641
157,641
157,641
157,641
157,641
157,641
157,641
157,641
157,641
157,641
157,641
157,641
157,641
157,641
157,641
157,641
157,641
157,641
157,641
157,641
157,641
157,641
157,641
157,641
157,641
157,641
157,641
157,641
157,641
157,641
157,641
157,641
157,641
157,641
157,641
157,641
157,635
84,569
73,537
92,520
98,517
98,517
98,517
98,517
98,517
98,517
98,517
99,517
141,515
218,508
276,488
349,441
359,433
359,433
359,433
359,433
359,433
359,433
359,433
359,433
359,433
359,433
359,433
359,433
359,433
359,433
359,433
359,433
359,433
359,433
359,433
359,433
356,433
1,411
0,452
42,490
96,508
110,508
113,508
116,508
138,514
139,515
139,515
139,515
139,515
139,515
139,515
139,515
139,515
139,515
139,515
139,515
139,515
139,515
139,515
139,515
139,515
139,515
139,515
136,546
105,678
106,681
123,672
123,672
123,672
123,672
123,672
123,672
123,672
123,672
123,672
123,672
123,672
123,672
123,672
123,672
123,672
123,672
123,672
123,672
123,672
123,672
123,672
123,672
123,672
123,672
123,672
123,672
123,672
123,672
143,671
185,679
354,731
522,740
635,671
693,620
693,616
641,550
625,540
625,540
625,540
625,540
625,540
625,540
625,540
625,540
625,540
625,540
625,540
625,540
625,540
625,540
625,540
625,540
625,540
625,540
625,540
625,540
625,540
625,540
625,540
625,540
625,540
625,540
625,540
625,540
625,540
625,540
625,540
625,540
625,540
625,540
625,540
625,540
625,540
625,540
625,540
625,540
625,540
625,540
0,236
0,247
49,269
106,263
114,259
114,259
114,259
114,259
114,259
114,259
114,259
114,259
114,259
114,259
114,259
114,259
114,259
114,259
114,259
49,369
78,486
107,519
123,525
132,527
132,527
132,527
132,527
132,527
132,527
132,527
132,527
132,527
132,527
132,527
132,527
132,527
132,527
132,527
132,527
132,527
132,527
132,527
132,527
132,527
132,527
132,527
132,527
132,527
132,527
132,527
132,527
132,527
132,527
132,527
132,527
132,527
132,527
132,527
132,527
132,527
132,527
132,527
132,527
132,527
132,527
132,527
132,527
132,527
132,527
132,527
132,527
132,527
132,527
132,527
132,527
132,527
132,527
132,527
132,527
132,527
132,527
132,527
132,527
132,527
132,527
132,527
132,527
132,527
132,527
132,527
132,527
132,527
132,527
132,527
132,527
132,527
132,527
132,527
132,527
132,527
132,527
132,527
132,527
132,527
132,527
132,527
132,527
132,527
132,527
132,527
132,527
132,527
132,527
132,527
132,527
132,527
132,527
132,527
132,527
132,527
132,527
132,527
132,527
132,527
132,527
132,527
132,527
132,527
132,527
132,527
132,527
132,527
132,527
132,527
132,527
132,527
132,527
132,527
132,527
132,527
132,527
132,527
132,527
132,527
132,527
132,527
132,527
132,527
132,527
132,527
132,527
132,527
132,527
132,527
132,527
132,527
132,527
132,527
132,527
220,303
368,87
392,79
394,83
370,64
450,84
480,85
469,84
385,88
385,88
385,87
383,70
383,70
383,70
383,70
383,70
383,70
383,70
383,70
383,70
383,70
383,70
383,70
383,70
383,70
383,70
395,103
364,177
217,75
355,0
537,122
453,499
0,620
65,69
171,0
171,0
195,3
434,371
461,459
461,459
372,460
0,477
0,470
44,460
46,460
46,460
57,513
57,535
125,509
138,504
138,504
138,504
138,504
138,504
138,504
138,504
138,504
138,504
138,504
138,504
138,504
138,504
138,504
138,504
138,504
138,504
138,504
138,504
138,504
138,504
138,504
138,504
138,504
138,504
138,504
138,504
138,504
138,504
138,504
138,504
138,504
138,504
138,504
138,504
138,504
138,504
138,504
138,504
138,504
138,504
138,504
138,504
138,504
138,504
138,504
138,504
138,504
138,504
138,504
138,504
138,504
138,504
138,504
138,504
138,504
138,504
138,504
138,504
138,504
138,504
138,504
138,504
138,504
138,504
138,504
138,504
138,504
138,504
138,504
138,504
138,504
138,504
138,504
138,504
138,504
138,504
138,504
138,504
138,504
138,504
138,504
138,504
138,504
138,504
138,504
138,504
138,504
138,504
138,504
138,504
138,504
120,395
314,0
485,0
509,44
495,64
460,46
443,32
443,32
446,40
451,49
451,49
451,49
451,49
767,819
1020,899
1021,844
1005,828
976,828
927,843
925,847
924,847
924,847
924,847
924,847
905,800
782,146
825,0
855,40
871,93
871,93
866,62
865,58
865,58
865,59
865,57
865,53
865,51
875,44
875,43
875,41
875,41
875,41
875,41
875,41
875,41
545,0
0,259
30,303
67,299
90,296
96,297
89,264
89,263
89,263
89,263
89,263
89,263
360,241
1439,41
1437,35
1306,81
1327,106
1357,130
1372,128
1374,127
1379,127
1392,130
1392,130
1392,130
1392,130
1392,130
1392,130
1392,130
1392,130
1392,130
1359,194
1353,254
1353,287
1353,295
1360,317
1360,317
1360,317
1360,317
1360,317
1360,317
1360,317
1360,317
1360,317
1360,317
1360,317
1360,317
1360,317
1360,317
1360,317
1360,317
1360,317
1360,317
1360,317
1360,317
1360,317
1360,317
1360,317
1360,317
1360,317
1360,317
1360,317
1360,317
1360,317
1360,317
1360,317
1360,317
570,0
247,0
247,0
247,0
247,0
286,21
369,69
396,86
442,104
448,105
448,100
441,73
441,73
441,73
441,73
441,73
441,73
441,73
441,73
441,73
441,73
441,73
441,73
441,73
441,73
441,73
441,73
441,73
441,73
441,73
441,73
441,73
441,73
441,73
441,73
441,73
441,73
441,73
441,73
441,73
441,73
441,73
441,73
441,73
441,73
441,73
441,73
436,72
431,72
431,72
431,72
431,72
431,72
431,72
431,72
431,72
431,72
114,246
0,372
47,385
105,385
116,374
116,374
116,374
116,374
116,374
116,374
116,374
116,374
116,374
116,374
116,374
116,374
116,374
116,374
116,374
116,374
116,374
116,374
116,374
116,374
116,374
116,374
116,374
116,374
114,357
116,282
161,186
211,142
235,134
280,118
301,103
316,80
321,75
321,75
321,75
321,75
321,75
321,75
321,75
321,75
321,75
321,75
339,75
578,129
627,131
627,130
627,130
627,130
627,130
627,130
627,130
627,130
627,130
627,130
627,130
627,130
627,130
627,130
627,130
627,130
627,130
627,130
627,130
627,130
627,130
627,130
627,130
627,130
627,130
627,130
627,130
627,130
627,130
627,130
627,130
627,130
627,130
627,130
627,130
627,130
627,130
627,130
627,130
627,130
627,130
627,130
627,130
627,130
627,130
627,130
627,130
627,130
627,130
627,130
627,130
627,130
627,130
627,130
627,130
627,130
627,130
627,130
627,130
627,130
627,130
627,130
627,130
627,130
627,130
627,130
627,130
627,130
627,130
627,130
627,130
627,130
627,130
627,130
627,130
627,130
627,130
627,130
561,29
467,0
465,4
483,28
483,39
483,61
483,66
482,67
482,67
482,67
482,67
482,67
482,67
482,67
482,67
482,67
482,67
482,67
482,67
482,67
482,67
482,67
482,67
482,67
482,67
482,67
482,67
482,67
482,67
482,67
482,67
482,67
482,67
482,67
482,67
482,67
482,67
482,67
482,67
482,67
482,67
482,67
482,67
482,67
482,67
482,67
482,67
482,67
482,67
482,67
482,67
482,67
482,67
482,67
482,67
482,67
482,67
482,67
482,67
482,67
482,67
482,67
482,67
482,67
482,67
482,67
482,67
482,67
482,67
482,67
373,1
574,182
674,297
701,536
701,548
664,502
515,355
506,346
512,346
569,380
579,399
581,403
581,404
581,404
581,404
581,404
581,404
558,403
405,379
410,377
410,377
410,377
410,377
410,377
410,377
410,377
410,377
410,377
410,377
410,377
410,377
410,377
410,377
410,377
410,377
410,377
410,377
410,377
410,377
410,377
410,377
410,377
410,377
410,377
410,377
410,377
410,377
410,377
410,377
410,377
410,377
410,377
410,377
410,377
410,377
410,377
409,404
379,507
376,517
264,511
187,481
425,505
640,611
640,618
627,625
627,621
618,603
618,603
618,603
618,603
618,603
616,600
664,567
853,560
911,648
983,887
984,899
949,894
913,892
913,892
912,891
912,890
912,890
912,890
777,756
0,371
0,357
2,357
9,354
9,354
9,354
9,354
9,354
98,419
107,423
107,423
107,423
107,423
107,423
107,423
107,423
107,423
107,423
107,423
107,423
107,423
107,423
175,440
517,528
804,456
832,439
832,439
746,401
355,314
451,328
746,338
770,331
816,319
858,318
878,317
887,295
890,290
891,376
895,570
895,570
895,570
895,570
895,570
895,570
895,570
895,570
895,570
895,570
895,570
895,570
895,570
895,570
895,570
895,570
895,570
895,570
895,570
895,570
895,570
895,570
895,570
895,570
895,570
895,570
801,539
578,376
608,340
611,339
611,339
611,339
657,341
718,347
743,347
757,345
771,340
773,340
776,332
778,329
778,329
778,329
778,329
778,329
778,329
778,329
778,329
778,329
778,329
778,329
778,329
778,329
778,335
785,358
795,376
808,399
811,411
815,424
816,425
816,425
816,425
816,425
816,425
816,425
816,425
817,430
819,439
824,464
824,465
824,465
824,465
824,465
824,460
824,458
824,455
824,453
823,451
823,451
823,451
823,451
823,445
823,443
823,438
823,437
823,432
823,431
823,431
823,431
823,431
823,431
823,431
824,431
824,431
824,431
824,431
824,431
824,431
824,431
824,431
824,431
824,431
824,431
824,431
824,431
798,422
335,230
248,194
248,194
248,190
298,118
304,108
304,87
304,45
304,45
304,45
304,45
304,45
304,45
304,45
304,45
304,45
304,45
304,45
304,45
304,45
304,45
304,45
304,45
304,45
304,45
304,45
304,45
304,45
304,45
304,45
304,45
304,45
304,45
304,45
304,45
304,45
304,45
304,45
304,45
304,45
304,45
304,45
304,45
304,45
304,45
304,45
304,45
304,45
304,45
304,45
304,45
304,45
304,45
304,45
304,45
304,45
304,45
99,90
0,312
0,337
22,376
31,408
46,410
97,358
104,339
103,337
103,337
200,440
215,450
215,450
215,449
211,442
210,440
210,440
210,440
210,440
210,440
210,440
210,440
210,440
210,440
210,440
210,440
210,440
210,440
210,440
210,440
210,440
210,440
210,440
210,440
210,440
210,440
210,440
210,440
210,440
210,440
210,440
210,440
210,440
210,440
210,440
210,440
210,440
210,440
210,440
210,440
210,440
210,440
210,440
210,440
210,440
210,440
210,440
210,440
210,440
210,440
210,440
210,440
210,440
210,440
210,440
210,440
210,440
210,440
210,440
210,440
210,440
210,440
210,440
210,440
210,440
210,440
210,440
210,440
210,440
210,440
210,440
210,440
210,440
210,440
210,440
210,440
210,440
210,440
210,440
210,440
210,440
210,440
210,440
210,440
210,440
210,440
210,440
210,440
210,440
210,440
210,440
210,440
210,440
210,440
210,440
210,440
210,440
210,440
210,440
210,440
210,440
210,440
210,440
210,440
210,440
210,440
210,440
210,440
210,440
210,440
210,440
210,440
210,440
210,440
210,440
210,440
210,440
210,440
210,440
210,440
210,440
210,440
210,440
210,440
210,440
210,440
210,440
210,440
210,440
210,440
210,440
210,440
210,440
210,440
210,440
210,440
210,440
210,440
210,440
210,440
210,440
210,440
210,440
210,440
210,440
210,440
210,440
210,440
899,401
1179,110
1161,95
998,141
694,258
701,216
699,210
748,205
782,199
792,175
804,171
809,171
809,171
809,171
809,171
809,171
809,171
809,171
809,171
809,171
821,189
831,208
833,226
156,381
4,465
78,493
78,493
78,493
78,493
78,493
78,493
78,493
78,493
78,493
78,493
78,493
78,493
77,490
178,474
254,460
258,458
258,458
258,458
258,458
258,458
267,445
690,253
854,196
855,194
791,144
746,136
744,140
741,148
741,154
740,160
738,164
738,164
738,164
738,164
738,164
738,164
738,164
738,164
738,164
744,170
758,191
758,191
758,191
758,191
758,191
758,191
758,191
688,395
687,483
687,483
687,483
687,483
687,483
687,483
687,483
687,483
687,483
687,483
687,483
687,483
687,483
676,483
451,396
390,350
435,321
452,306
461,311
471,316
471,318
471,318
471,318
471,318
471,318
471,318
500,319
909,385
1011,416
1011,416
1011,416
1018,425
1059,503
1017,587
960,599
959,599
987,584
1012,539
1012,538
1014,537
1014,529
1014,529
1014,529
1014,529
1014,529
1014,529
1014,529
1014,529
1014,529
1014,530
1014,530
1014,530
1014,530
1014,530
1014,530
1014,530
1014,530
1014,530
1014,530
1014,530
1014,530
1014,530
1014,530
1014,530
1014,530
1014,530
1014,530
1014,530
412,157
0,0
2,0
2,0
5,0
458,216
565,318
565,319
566,319
566,319
566,319
538,319
181,264
175,265
175,265
175,265
175,265
175,265
217,270
594,350
749,385
753,385
753,385
753,385
753,385
753,385
753,385
753,385
753,385
753,385
753,385
753,385
753,385
753,385
753,385
753,385
753,385
753,385
753,385
753,385
753,385
755,388
885,520
894,527
894,527
894,527
894,527
894,527
894,527
894,527
894,527
894,527
894,527
823,558
708,570
695,560
666,547
713,546
822,590
825,591
825,591
819,606
807,619
806,619
806,619
806,619
806,619
806,619
806,619
806,619
806,619
806,619
806,619
806,618
806,606
806,598
806,598
806,598
806,597
806,597
806,597
806,597
806,597
806,597
806,597
806,597
806,597
806,597
806,597
806,597
806,597
806,597
806,597
806,597
890,607
1048,619
1075,619
1096,617
1103,604
1106,598
1114,596
1116,596
1116,595
1116,595
1116,595
1116,595
1116,595
1116,595
1116,595
1057,545
377,158
345,150
513,290
637,382
641,384
641,384
579,368
0,296
66,352
182,409
182,409
182,409
182,409
182,409
182,409
182,409
182,409
182,409
182,409
182,409
182,409
182,409
182,409
182,409
182,409
182,409
182,409
167,408
651,528
882,612
883,612
883,612
883,612
853,558
868,482
959,477
1006,471
1006,471
1006,471
1006,471
1006,471
1006,471
1006,471
1006,471
1006,471
1006,471
1006,471
1006,471
986,539
975,559
971,559
954,569
936,588
935,591
934,594
933,595
933,595
933,595
933,595
933,595
547,375
164,212
161,212
161,212
161,212
161,212
161,212
161,212
234,242
244,246
244,246
244,246
244,246
243,246
241,246
241,246
241,246
252,258
321,332
322,333
322,333
322,333
339,342
405,421
394,440
123,261
123,214
128,213
129,212
129,212
129,212
129,212
129,212
129,212
129,213
164,508
210,618
215,604
215,604
215,604
215,604
215,604
215,604
215,604
215,604
215,604
217,603
310,611
530,638
594,648
596,649
598,649
598,649
598,649
598,649
598,649
598,649
598,649
598,649
598,649
598,649
598,649
598,649
598,649
598,649
598,649
598,649
598,677
598,688
598,688
598,687
598,683
596,669
595,630
595,630
595,632
595,640
595,641
595,641
595,641
595,641
595,641
595,641
595,641
595,641
595,641
